              precision    recall  f1-score   support

           0    0.28571   0.12766   0.17647        94
           1    0.37500   0.03614   0.06593        83
           2    0.53103   0.25667   0.34607       300
           3    0.31818   0.60000   0.41584        35
           4    0.42857   0.01630   0.03141       184
           5    0.50314   0.80000   0.61776       100
           6    0.19565   0.21951   0.20690       205
           7    0.00000   0.00000   0.00000         0
           8    0.73280   0.53578   0.61899       517
           9    0.31900   0.18503   0.23421       481
          10    0.35316   0.68421   0.46586       703

    accuracy                        0.40266      2702
   macro avg    0.36748   0.31466   0.28904      2702
weighted avg    0.43608   0.40266   0.37401      2702
