              precision    recall  f1-score   support

           0    0.30000   0.15957   0.20833        94
           1    0.04734   0.09639   0.06349        83
           2    0.57923   0.35333   0.43892       300
           3    0.29730   0.62857   0.40367        35
           4    0.61404   0.19022   0.29046       184
           5    0.57857   0.81000   0.67500       100
           6    0.18874   0.27805   0.22485       205
           7    0.00000   0.00000   0.00000         0
           8    0.72895   0.53578   0.61761       517
           9    0.32864   0.14553   0.20173       481
          10    0.33065   0.52489   0.40572       703

    accuracy                        0.38490      2702
   macro avg    0.36304   0.33839   0.32089      2702
weighted avg    0.44161   0.38490   0.38462      2702
