              precision    recall  f1-score   support

           0    0.20370   0.11702   0.14865        94
           1    0.06061   0.09639   0.07442        83
           2    0.58201   0.36667   0.44990       300
           3    0.28358   0.54286   0.37255        35
           4    0.63158   0.13043   0.21622       184
           5    0.60156   0.77000   0.67544       100
           6    0.19608   0.24390   0.21739       205
           7    0.00000   0.00000   0.00000         0
           8    0.72222   0.52805   0.61006       517
           9    0.38389   0.16840   0.23410       481
          10    0.33632   0.58748   0.42776       703

    accuracy                        0.39452      2702
   macro avg    0.36378   0.32284   0.31150      2702
weighted avg    0.45142   0.39452   0.38814      2702
